beta = 0.576978
kappa = 3.67958
omega = 0.120579
phiA = 0.265328
phiC = 0.244765
phiG = 0.283225