beta = 0.112618
kappa = 3.07115
omega = 0.129379
phiA = 0.25576
phiC = 0.239303
phiG = 0.289044