beta = 0.920809
kappa = 1.98998
omega = 0.077676
phiA = 0.376508
phiC = 0.168411
phiG = 0.270619