beta = 1.1e-05
kappa = 1.96888
omega = 0.100632
phiA = 0.305983
phiC = 0.238894
phiG = 0.236949