beta = 1.1e-05
kappa = 1.9693
omega = 0.100673
phiA = 0.305983
phiC = 0.238893
phiG = 0.236949