beta = 1.1e-05
kappa = 1.87891
omega = 0.091618
phiA = 0.303401
phiC = 0.239798
phiG = 0.238086