beta = 0.566935
kappa = 1.98748
omega = 0.135523
phiA = 0.317596
phiC = 0.238303
phiG = 0.237719