beta = 0.46963
kappa = 1.98564
omega = 0.125172
phiA = 0.316153
phiC = 0.23924
phiG = 0.237196