beta = 0.6426
kappa = 1.89536
omega = 0.126252
phiA = 0.31632
phiC = 0.239061
phiG = 0.238996