beta = 1.1e-05
kappa = 1.87925
omega = 0.0916308
phiA = 0.303401
phiC = 0.239799
phiG = 0.238086