beta = 1.1e-05
kappa = 1.96912
omega = 0.10065
phiA = 0.305983
phiC = 0.238894
phiG = 0.236949