beta = 1.1e-05
kappa = 1.87895
omega = 0.0916167
phiA = 0.303401
phiC = 0.239798
phiG = 0.238086