beta = 0.530268
kappa = 1.89329
omega = 0.11521
phiA = 0.314741
phiC = 0.241434
phiG = 0.23904