beta = 0.472732
kappa = 1.98086
omega = 0.125275
phiA = 0.316191
phiC = 0.240399
phiG = 0.237773