alpha_omega = 0.387237
beta_omega = 1.94962
kappa = 1.62746
phi0A = 0.26467
phi0C = 0.228345
phi0G = 0.262915
phi1A = 0.357431
phi1C = 0.238473
phi1G = 0.167918
phi2A = 0.294924
phi2C = 0.24455
phi2G = 0.280794