alpha_omega = 0.552244
beta_omega = 2.72493
kappa = 1.71548
phi0A = 0.265929
phi0C = 0.227333
phi0G = 0.262136
phi1A = 0.360733
phi1C = 0.237484
phi1G = 0.16798
phi2A = 0.298382
phi2C = 0.243508
phi2G = 0.277962