beta =  0.532
kappa = 1.89621
omega = 0.115379
phiA = 0.314839
phiC = 0.240115
phiG = 0.23829