beta = 0.319346
kappa = 3.08644
omega = 0.134948
phiA = 0.262196
phiC = 0.241078
phiG = 0.285219