beta = 0.0256507
kappa = 3.07319
omega = 0.12934
phiA = 0.254385
phiC = 0.23871
phiG = 0.290518