beta = 0.261797
kappa = 3.64432
omega = 0.110918
phiA = 0.255677
phiC = 0.242388
phiG = 0.289324