beta = 0.135303
kappa = 3.06985
omega = 0.129315
phiA = 0.255871
phiC = 0.239543
phiG = 0.289005