beta = 0.0296989
kappa = 3.64805
omega = 0.110863
phiA = 0.252112
phiC = 0.240665
phiG = 0.292735