beta = 0.218296
kappa = 3.64401
omega = 0.110952
phiA = 0.255256
phiC = 0.241917
phiG = 0.28979