beta = 0.466506
kappa = 3.66721
omega = 0.114886
phiA = 0.262452
phiC = 0.244345
phiG = 0.285604