beta = 0.0279414
kappa = 3.64758
omega = 0.110833
phiA = 0.252022
phiC = 0.240659
phiG = 0.292805