beta = 0.0313319
kappa = 3.64764
omega = 0.110777
phiA = 0.25219
phiC = 0.240657
phiG = 0.292686