beta = 0.0213207
kappa = 3.07141
omega = 0.129302
phiA = 0.2542
phiC = 0.2387
phiG = 0.290648