beta = 0.234726
kappa = 3.64263
omega = 0.110963
phiA = 0.255792
phiC = 0.242041
phiG = 0.289101