beta = 0.52832
kappa = 3.67339
omega = 0.117289
phiA = 0.264129
phiC = 0.244519
phiG = 0.284452