kappa = 3.19207
omega = 0.120692
phi0A = 0.265041
phi0C = 0.262202
phi0G = 0.353017
phi1A = 0.310786
phi1C = 0.198376
phi1G = 0.191225
phi2A = 0.171069
phi2C = 0.272444
phi2G = 0.333889