alpha_omega = 0.363012
beta_omega = 2.74661
kappa = 3.8129
phi0A = 0.261958
phi0C = 0.270137
phi0G = 0.351972
phi1A = 0.308045
phi1C = 0.198011
phi1G = 0.190471
phi2A = 0.169699
phi2C = 0.270663
phi2G = 0.342687