beta = 0.360645
kappa = 3.09066
omega = 0.137422
phiA = 0.263567
phiC = 0.241223
phiG = 0.284265