beta = 0.0374928
kappa = 1.72396
omega = 0.088715
phiA = 0.368363
phiC = 0.171712
phiG = 0.261486