beta = 1.1e-05
kappa = 2.07644
omega = 0.0552292
phiA = 0.36802
phiC = 0.169216
phiG = 0.26189