alpha_omega = 0.300001
beta_omega = 3.19463
kappa = 1.31367
phi0A = 0.317915
phi0C = 0.182147
phi0G = 0.327761
phi1A = 0.483986
phi1C = 0.139395
phi1G = 0.153016
phi2A = 0.300621
phi2C = 0.190179
phi2G = 0.305548