beta = 0.76076
kappa = 2.0236
omega = 0.0685472
phiA = 0.375136
phiC = 0.171914
phiG = 0.267841