alpha_omega = 0.465475
beta_omega = 4.01389
kappa = 1.18951
phi0A = 0.320582
phi0C = 0.183352
phi0G = 0.323667
phi1A = 0.483219
phi1C = 0.139666
phi1G = 0.154787
phi2A = 0.29889
phi2C = 0.195857
phi2G = 0.306311