beta = 0.545042
kappa = 1.68017
omega = 0.106718
phiA = 0.373136
phiC = 0.174502
phiG = 0.266136