beta = 0.0348365
kappa = 1.72362
omega = 0.0886773
phiA = 0.368349
phiC = 0.171781
phiG = 0.261464