beta = 0.715112
kappa = 2.02564
omega = 0.0675409
phiA = 0.374846
phiC = 0.172735
phiG = 0.268503