beta = 0.757287
kappa = 1.65765
omega = 0.121292
phiA = 0.374873
phiC = 0.171421
phiG = 0.268596