beta = 0.0267456
kappa = 1.72385
omega = 0.0886082
phiA = 0.368283
phiC = 0.171808
phiG = 0.261449