beta = 1.1e-05
kappa = 2.0756
omega = 0.0552313
phiA = 0.36802
phiC = 0.169216
phiG = 0.26189