beta = 0.00533137
kappa = 2.07468
omega = 0.0552796
phiA = 0.368065
phiC = 0.169226
phiG = 0.261904