beta = 0.0205245
kappa = 1.72511
omega = 0.0884433
phiA = 0.368136
phiC = 0.171836
phiG = 0.261423