beta = 0.0519021
kappa = 1.72486
omega = 0.0883926
phiA = 0.36826
phiC = 0.172104
phiG = 0.261584