beta = 0.578487
kappa = 1.67776
omega = 0.108211
phiA = 0.373285
phiC = 0.173855
phiG = 0.26585