beta = 0.00867472
kappa = 2.07489
omega = 0.0552902
phiA = 0.368091
phiC = 0.169215
phiG = 0.261915