beta = 0.0163138
kappa = 1.72519
omega = 0.0884499
phiA = 0.368117
phiC = 0.171758
phiG = 0.261437